1 0.215625 0.6140625 0.43046875 0.315625
1 0.45 0.47734375 0.2390625 0.1265625
1 0.0890625 0.3609375 0.178125 0.09375
1 0.28203125 0.340625 0.1640625 0.078125
1 0.503125 0.35 0.2 0.096875
1 0.38203125 0.3359375 0.15859375 0.059375
1 0.63203125 0.3375 0.14140625 0.05625
1 0.690625 0.303125 0.20859375 0.046875
1 0.696875 0.3875 0.128125 0.071875
1 0.9078125 0.46875 0.184375 0.221875
1 0.92109375 0.47578125 0.0140625 0.0015625
1 0.9015625 0.3484375 0.13046875 0.05
1 0.9265625 0.30625 0.096875 0.053125