4 0.4309090909090909 0.6366120218579235 0.28 0.4644808743169399
4 0.28545454545454546 0.3743169398907104 0.14909090909090908 0.366120218579235
4 0.58 0.3251366120218579 0.1781818181818182 0.22404371584699453
4 0.4018181818181818 0.29508196721311475 0.10545454545454545 0.08743169398907104
4 0.11272727272727273 0.2459016393442623 0.08727272727272728 0.12021857923497267
4 0.034545454545454546 0.21584699453551912 0.06909090909090909 0.09289617486338798
4 0.7327272727272728 0.39344262295081966 0.10545454545454545 0.09836065573770492
4 0.850909090909091 0.4207650273224044 0.10181818181818182 0.09836065573770492
4 0.9709090909090909 0.43989071038251365 0.05090909090909091 0.10382513661202186
4 0.8090909090909091 0.3879781420765027 0.09090909090909091 0.08743169398907104
4 0.9181818181818182 0.4371584699453552 0.06909090909090909 0.07650273224043716
4 0.45636363636363636 0.33060109289617484 0.06909090909090909 0.08196721311475409
4 0.9854545454545455 0.47540983606557374 0.02181818181818182 0.09836065573770492
