0 0.201171875 0.7791878172588832 0.40234375 0.43147208121827413
0 0.654296875 0.6802030456852792 0.46484375 0.41624365482233505
0 0.09765625 0.3553299492385787 0.1953125 0.233502538071066
0 0.423828125 0.23096446700507614 0.33203125 0.27918781725888325
0 0.576171875 0.2918781725888325 0.26171875 0.350253807106599
0 0.8203125 0.1218274111675127 0.09375 0.16243654822335024
0 0.392578125 0.06345177664974619 0.18359375 0.116751269035533
0 0.958984375 0.0532994923857868 0.07421875 0.1065989847715736
0 0.333984375 0.14720812182741116 0.14453125 0.1319796954314721
0 0.5234375 0.04568527918781726 0.1328125 0.09137055837563451
0 0.4140625 0.015228426395939087 0.1015625 0.030456852791878174