0 0.8672727272727273 0.7568306010928961 0.12 0.12568306010928962
0 0.4781818181818182 0.7459016393442623 0.12727272727272726 0.12568306010928962
0 0.5927272727272728 0.6639344262295082 0.04363636363636364 0.07103825136612021
0 0.35818181818181816 0.7486338797814208 0.09818181818181818 0.09836065573770492
0 0.54 0.6693989071038251 0.025454545454545455 0.04918032786885246
0 0.05090909090909091 0.7103825136612022 0.10181818181818182 0.15300546448087432
0 0.88 0.6912568306010929 0.03636363636363636 0.04918032786885246
0 0.4581818181818182 0.6666666666666666 0.03636363636363636 0.04371584699453552
0 0.2909090909090909 0.73224043715847 0.10909090909090909 0.09836065573770492
0 0.16727272727272727 0.6338797814207651 0.02909090909090909 0.04371584699453552
0 0.14545454545454545 0.6202185792349727 0.03636363636363636 0.060109289617486336
0 0.6509090909090909 0.6557377049180327 0.03636363636363636 0.0546448087431694
0 0.6509090909090909 0.6830601092896175 0.02909090909090909 0.0546448087431694