4 0.6612318840579711 0.6939890710382514 0.31521739130434784 0.5573770491803278
4 0.8496376811594203 0.5300546448087432 0.29347826086956524 0.7213114754098361
4 0.302536231884058 0.5437158469945356 0.19202898550724637 0.3333333333333333
4 0.43478260869565216 0.7540983606557377 0.15217391304347827 0.4808743169398907
4 0.8967391304347826 0.1366120218579235 0.09782608695652174 0.07650273224043716
4 0.3423913043478261 0.5901639344262295 0.13405797101449277 0.29508196721311475
4 0.8641304347826086 0.08743169398907104 0.15579710144927536 0.16393442622950818
4 0.8768115942028986 0.6939890710382514 0.2391304347826087 0.45901639344262296
4 0.7373188405797102 0.273224043715847 0.213768115942029 0.25136612021857924
4 0.125 0.5163934426229508 0.09782608695652174 0.2786885245901639
4 0.05536231884057971 0.2937158469945355 0.11072463768115942 0.20797814207650275
4 0.1721014492753623 0.24967213114754097 0.1751086956521739 0.16846994535519125
4 0.4815942028985507 0.3498907103825137 0.14192028985507246 0.10169398907103824
4 0.6225 0.5282513661202186 0.387463768115942 0.1943169398907104
4 0.058876811594202896 0.4690163934426229 0.09358695652173912 0.1851912568306011
