0 0.55625 0.91796875 0.06640625 0.16171875
0 0.1984375 0.828125 0.04921875 0.22734375
0 0.95 0.9359375 0.0953125 0.125
0 0.15234375 0.8765625 0.07890625 0.184375
0 0.375 0.91015625 0.078125 0.16953125
0 0.8125 0.859375 0.07265625 0.228125
0 0.4796875 0.9171875 0.0921875 0.15859375
0 0.9171875 0.875 0.04375 0.15078125
0 0.89375 0.8734375 0.0390625 0.15703125
0 0.2796875 0.784375 0.1109375 0.259375
0 0.60625 0.8734375 0.09140625 0.2171875
0 0.721875 0.7671875 0.07890625 0.1015625
0 0.8921875 0.95234375 0.05390625 0.09296875
0 0.7609375 0.85625 0.07265625 0.27890625
0 0.6828125 0.88515625 0.11328125 0.2296875
0 0.8734375 0.9453125 0.02265625 0.07734375
0 0.38203125 0.77578125 0.03515625 0.221875
0 0.3890625 0.64453125 0.03984375 0.19140625
0 0.44453125 0.9078125 0.02734375 0.10546875
0 0.92265625 0.828125 0.025 0.053125
0 0.6390625 0.78046875 0.028125 0.0375
0 0.8359375 0.79453125 0.02109375 0.0671875
0 0.2703125 0.90078125 0.01640625 0.08515625