21 0.55625 0.91796875 0.06640625 0.1625
21 0.1984375 0.828125 0.05078125 0.22890625
21 0.375 0.903125 0.07890625 0.184375
21 0.15078125 0.8828125 0.07890625 0.171875
21 0.94609375 0.934375 0.10234375 0.128125
21 0.83203125 0.8921875 0.08203125 0.1984375
21 0.6203125 0.87578125 0.1078125 0.2265625
21 0.48203125 0.915625 0.090625 0.1625
21 0.89140625 0.9546875 0.05234375 0.08828125
21 0.3234375 0.87734375 0.09453125 0.203125
21 0.76328125 0.8515625 0.07265625 0.2859375
21 0.72265625 0.7671875 0.0796875 0.10546875
21 0.30078125 0.765625 0.09140625 0.184375
21 0.68125 0.88046875 0.1171875 0.23828125
21 0.3828125 0.7765625 0.03671875 0.21953125
21 0.35234375 0.725 0.03359375 0.0890625
21 0.64765625 0.7796875 0.03671875 0.0703125
21 0.2921875 0.89375 0.06328125 0.103125
21 0.3890625 0.64296875 0.03984375 0.1890625
21 0.91796875 0.828125 0.0265625 0.053125
21 0.9140625 0.9171875 0.02734375 0.065625
21 0.9015625 0.84296875 0.02109375 0.053125
21 0.26796875 0.9 0.015625 0.084375
