0 0.59453125 0.3484375 0.01953125 0.05625
0 0.140625 0.8484375 0.115625 0.29609375
0 0.3625 0.7859375 0.1421875 0.28046875
0 0.87890625 0.81015625 0.1546875 0.21640625
0 0.71796875 0.35859375 0.01015625 0.05703125
0 0.34453125 0.6625 0.05 0.1703125
0 0.72578125 0.5171875 0.025 0.0359375
0 0.73125 0.23984375 0.0125 0.02578125
0 0.2140625 0.5609375 0.028125 0.03359375
0 0.665625 0.23984375 0.01796875 0.0265625
0 0.07109375 0.5515625 0.01796875 0.0359375
0 0.24296875 0.7515625 0.1140625 0.2203125
0 0.684375 0.5109375 0.01796875 0.03984375
0 0.71015625 0.696875 0.12109375 0.2921875
0 0.840625 0.8046875 0.04140625 0.165625
0 0.5671875 0.58984375 0.01640625 0.05703125
0 0.31171875 0.521875 0.0109375 0.0421875
0 0.3265625 0.6953125 0.01640625 0.09375
0 0.7015625 0.5140625 0.01875 0.0390625
0 0.84765625 0.7484375 0.021875 0.05546875
0 0.1328125 0.3546875 0.0140625 0.0203125
0 0.57265625 0.334375 0.01953125 0.05078125