21 0.23515625 0.275 0.096875 0.26484375
21 0.37109375 0.76015625 0.1984375 0.4546875
21 0.4484375 0.48359375 0.13828125 0.6140625
21 0.91796875 0.2875 0.06875 0.1953125
21 0.58515625 0.32109375 0.11328125 0.25
21 0.70234375 0.35546875 0.09921875 0.2265625
21 0.15078125 0.30625 0.09453125 0.1640625
21 0.03046875 0.375 0.0609375 0.203125
21 0.50859375 0.38125 0.05546875 0.23125
21 0.44375 0.303125 0.10078125 0.24765625
21 0.5515625 0.384375 0.04375 0.109375
21 0.4109375 0.4890625 0.06328125 0.26640625
