0 0.3282608695652174 0.7978260869565217 0.21195652173913043 0.18804347826086956
0 0.33260869565217394 0.8608695652173913 0.1782608695652174 0.20978260869565218
0 0.7717391304347826 0.8521739130434782 0.26413043478260867 0.2184782608695652
0 0.13695652173913042 0.8304347826086956 0.18804347826086956 0.12173913043478261
0 0.05652173913043478 0.6869565217391305 0.10543478260869565 0.06086956521739131
0 0.4217391304347826 0.6804347826086956 0.10326086956521739 0.0641304347826087
0 0.4608695652173913 0.7739130434782608 0.11413043478260869 0.09565217391304348
0 0.6 0.7260869565217392 0.12065217391304348 0.06956521739130435
0 0.5847826086956521 0.7891304347826087 0.14456521739130435 0.1
0 0.2565217391304348 0.65 0.06521739130434782 0.05217391304347826
0 0.7630434782608696 0.7347826086956522 0.17717391304347826 0.08260869565217391
0 0.9195652173913044 0.7717391304347826 0.11847826086956521 0.22065217391304348
0 0.558695652173913 0.6413043478260869 0.10434782608695652 0.12173913043478261
0 0.15869565217391304 0.6282608695652174 0.0782608695652174 0.0782608695652174
0 0.16304347826086957 0.7282608695652174 0.12717391304347825 0.10434782608695652