5 0.234375 0.703703703125 0.24088541718749998 0.715277778125 0.2721354171875 0.7083333328125 0.27734375 0.7546296296875 0.3151041671875 0.7708333328125 0.32421875 0.8101851859375 0.3111979171875 0.8449074078125 0.3294270828125 0.8726851859375 0.3411458328125 0.9120370375 0.3763020828125 0.91898148125 0.4309895828125 0.7569444437499999 0.4453125 0.7384259265625001 0.453125 0.715277778125 0.4544270828125 0.6574074078125001 0.4192708328125 0.66898148125 0.4140625 0.6134259265625001 0.3971354171875 0.578703703125 0.3294270828125 0.4583333328125 0.29296875 0.4166666671875 0.2591145828125 0.41203703750000004 0.234375 0.42129629687500003 0.20442708281250002 0.4606481484375 0.1927083328125 0.5046296296875 0.1953125 0.6550925921874999 0.21744791718749998 0.6828703703125 0.22005208281250002 0.6990740734374999 0.234375 0.703703703125
5 0 0.6018518515625 0.0182291671875 0.6203703703125 0.02734375 0.6458333328125 0.03515625 0.740740740625 0.05729166718749999 0.733796296875 0.0625 0.678240740625 0.0703125 0.6620370375 0.08333333281250001 0.6643518515625 0.109375 0.6875 0.12109375 0.7175925921874999 0.17578125 0.6990740734374999 0.1861979171875 0.678240740625 0.1927083328125 0.634259259375 0.19140625 0.5879629625 0.1848958328125 0.5601851859375 0.1901041671875 0.5 0.16796875 0.4699074078125 0.05989583281250001 0.36805555624999997 0.00390625 0.328703703125 0 0.328703703125 0 0.6018518515625
5 0.1744791671875 0.3148148140625 0.1809895828125 0.3101851859375 0.1927083328125 0.3495370375 0.1966145828125 0.4166666671875 0.20703125 0.4166666671875 0.203125 0.3703703703125 0.20963541718749998 0.2824074078125 0.19921875 0.2453703703125 0.1979166671875 0.2199074078125 0.203125 0.215277778125 0.1901041671875 0.15972222187500001 0.1744791671875 0.16898148125 0.1458333328125 0.16898148125 0.1171875 0.1921296296875 0.06380208281250001 0.27777777812500004 0.0325520828125 0.3125 0.0234375 0.3379629625 0.1106770828125 0.41203703750000004 0.16015625 0.3634259265625 0.1744791671875 0.3148148140625
5 0.5638020828125 0.44907407343749994 0.57421875 0.42592592656250006 0.6302083328125 0.48148148125 0.6432291671875 0.45601851875 0.6640625 0.3379629625 0.66796875 0.28472222187499996 0.6588541671875 0.24305555625 0.6458333328125 0.222222221875 0.6302083328125 0.20833333281250002 0.6028645828125 0.20601851875000002 0.57421875 0.222222221875 0.5481770828125 0.25694444375000003 0.53515625 0.2870370375 0.5325520828125 0.3240740734375 0.5013020828125 0.3333333328125 0.51171875 0.3611111109375 0.5286458328125 0.3703703703125 0.5390625 0.4236111109375 0.5638020828125 0.44907407343749994
5 0.4192708328125 0.625 0.42578125 0.625 0.4427083328125 0.6550925921874999 0.4583333328125 0.652777778125 0.4700520828125 0.6319444437499999 0.50390625 0.60648148125 0.55859375 0.5949074078125001 0.58984375 0.5740740734374999 0.5989583328125 0.5555555562500001 0.6015625 0.5254629625 0.609375 0.51851851875 0.58203125 0.46527777812500004 0.5559895828125 0.44907407343749994 0.5325520828125 0.4513888890625 0.5013020828125 0.48148148125 0.4765625 0.48842592656250006 0.44921875 0.48842592656250006 0.4322916671875 0.47453703750000004 0.3841145828125 0.5115740734374999 0.3736979171875 0.5300925921874999 0.3763020828125 0.546296296875 0.3971354171875 0.5740740734374999 0.4192708328125 0.625
5 0.7578125 0.652777778125 0.8190104171874999 0.64351851875 0.8541666671874999 0.60648148125 0.8515625 0.5763888890625 0.8385416671874999 0.5300925921874999 0.8216145828125001 0.5046296296875 0.7955729171875 0.48842592656250006 0.7669270828125 0.48842592656250006 0.7005208328125 0.5324074078125001 0.6861979171875 0.5509259265625001 0.671875 0.54398148125 0.6692708328125 0.5324074078125001 0.6614583328125 0.5393518515625 0.6588541671875 0.58101851875 0.6744791671875 0.6365740734374999 0.6770833328125 0.696759259375 0.7578125 0.652777778125
5 0.69140625 0.546296296875 0.7890625 0.4861111109375 0.8216145828125001 0.5 0.8216145828125001 0.43981481406249995 0.8125 0.40972222187499996 0.796875 0.3888888890625 0.7669270828125 0.384259259375 0.71484375 0.4050925921875 0.7044270828125 0.384259259375 0.6953125 0.384259259375 0.6822916671875 0.4050925921875 0.6731770828125 0.43981481406249995 0.65625 0.46296296249999996 0.6341145828125 0.5231481484375 0.6354166671875 0.54398148125 0.6536458328125 0.5555555562500001 0.66796875 0.5324074078125001 0.69140625 0.546296296875
5 0.7491319437499999 0.3379629625 0.7669270828125 0.3495370375 0.828125 0.3518518515625 0.8489583328125001 0.3356481484375 0.8697916671874999 0.3333333328125 0.8528645828125001 0.29398148125 0.8098958328125001 0.2615740734375 0.69921875 0.26851851875 0.6875 0.2754629625 0.66796875 0.3078703703125 0.66015625 0.3634259265625 0.6640625 0.3703703703125 0.69921875 0.3634259265625 0.7491319437499999 0.3379629625
5 0.8658854171874999 0.47222222187499996 0.90234375 0.4606481484375 0.9244791671874999 0.43518518593750005 0.9348958328125001 0.40972222187499996 0.9348958328125001 0.3888888890625 0.91796875 0.3958333328125 0.8841145828125001 0.35648148125 0.8567708328125001 0.3379629625 0.8190104171874999 0.36805555624999997 0.8020833328125001 0.365740740625 0.7981770828125 0.3726851859375 0.8059895828125001 0.3958333328125 0.8307291671874999 0.4143518515625 0.8658854171874999 0.47222222187499996
5 0.919792478125 0.644865571875 0.99837785625 0.8301594234375 0.9986979171874999 0.5625 0.9986979171874999 0.44907407343749994 0.9747075703125001 0.38713868125 0.9396755750000001 0.36524032812499996 0.9270833328125001 0.4375 0.9010416671874999 0.4699074078125 0.8997395828125001 0.4861111109375 0.9427083328125001 0.5416666671875 0.9505208328125001 0.5763888890625 0.919792478125 0.644865571875
5 0.7747395828125 0.8634259265625 0.828125 0.8425925921875 0.8502604171874999 0.8449074078125 0.8802083328125001 0.828703703125 0.9700520828125001 0.8101851859375 0.9739583328125001 0.7986111109375 0.9661458328125001 0.696759259375 0.9505208328125001 0.66898148125 0.91796875 0.6481481484375 0.8059895828125001 0.6481481484375 0.7513020828125 0.659722221875 0.69140625 0.6875 0.612078759375 0.6566571390625 0.62533420625 0.747619409375 0.65625 0.7731481484375 0.6953125 0.8055555562500001 0.7200520828125 0.8449074078125 0.7747395828125 0.8634259265625
