2 0.52734375 0.6180555562500001 0.54296875 0.6273148140625 0.54296875 0.66898148125 0.5494791671875 0.66898148125 0.5625 0.6388888890625 0.58203125 0.6226851859375 0.6263020828125 0.5995370375 0.6380208328125 0.6134259265625001 0.6315104171875 0.6550925921874999 0.60546875 0.722222221875 0.6067708328125 0.73148148125 0.6184895828125 0.7291666671875 0.6315104171875 0.7129629625 0.6731770828125 0.6041666671875 0.6940104171875 0.5856481484375 0.7096354171875 0.597222221875 0.7278645828125 0.678240740625 0.7317708328125 0.7199074078125001 0.72265625 0.7638888890625 0.7265625 0.7708333328125 0.7434895828125 0.759259259375 0.9830729171874999 0.7175925921874999 0.9895833328125001 0.7291666671875 0.9986979171874999 0.7199074078125001 0.9765625 0.4328703703125 0.9661458328125001 0.38194444375000003 0.9518229171874999 0.3611111109375 0.8880208328125001 0.3356481484375 0.7734375 0.3449074078125 0.6666666671875 0.39351851875 0.5533854171875 0.4675925921875 0.5442708328125 0.4861111109375 0.5481770828125 0.4953703703125 0.5442708328125 0.5671296296875 0.5234375 0.60648148125 0.52734375 0.6180555562500001
0 0.3984375 0.5023148140625 0.3919270828125 0.546296296875 0.4088541671875 0.54398148125 0.4140625 0.51851851875 0.43359375 0.5254629625 0.4440104171875 0.553240740625 0.4375 0.58101851875 0.4388020828125 0.5995370375 0.4518229171875 0.5995370375 0.4830729171875 0.5486111109375 0.4895833328125 0.46296296249999996 0.5052083328125 0.46296296249999996 0.5130208328125 0.48148148125 0.5091145828125 0.4953703703125 0.5143229171875 0.49768518593750005 0.51953125 0.48148148125 0.5247395828125 0.4861111109375 0.5416666671875 0.4421296296875 0.55859375 0.4328703703125 0.609375 0.43518518593750005 0.625 0.41898148125 0.6263020828125 0.321759259375 0.5729166671875 0.266203703125 0.5325520828125 0.24305555625 0.4817708328125 0.2384259265625 0.4557291671875 0.2453703703125 0.3723958328125 0.3101851859375 0.3684895828125 0.3240740734375 0.3919270828125 0.384259259375 0.3971354171875 0.428240740625 0.3984375 0.5023148140625
0 0.2747395828125 0.5833333328125 0.2786458328125 0.5833333328125 0.2942708328125 0.641203703125 0.29296875 0.777777778125 0.30859375 0.7800925921874999 0.3216145828125 0.7453703703125 0.3216145828125 0.7199074078125001 0.3489583328125 0.7083333328125 0.35546875 0.740740740625 0.37109375 0.7361111109375 0.37109375 0.6805555562500001 0.390625 0.5 0.3919270828125 0.3958333328125 0.3736979171875 0.3379629625 0.3346354171875 0.25694444375000003 0.3138020828125 0.25 0.2825520828125 0.259259259375 0.2604166671875 0.3078703703125 0.25390625 0.3541666671875 0.26171875 0.35648148125 0.2721354171875 0.3981481484375 0.2747395828125 0.5833333328125
0 0.1458333328125 0.7129629625 0.15234375 0.6759259265625001 0.1848958328125 0.6875 0.1848958328125 0.73148148125 0.1953125 0.733796296875 0.20442708281250002 0.7083333328125 0.24869791718749998 0.34027777812500004 0.21223958281250002 0.30555555624999997 0.171875 0.3148148140625 0.1380208328125 0.384259259375 0.1276041671875 0.4606481484375 0.1263020828125 0.5254629625 0.1341145828125 0.578703703125 0.1354166671875 0.7106481484375 0.1458333328125 0.7129629625
0 0 0.4768518515625 0.0052083328125 0.48148148125 0.0208333328125 0.4861111109375 0.05989583281250001 0.44444444375 0.08723958281250001 0.4583333328125 0.1328125 0.391203703125 0.1666666671875 0.3240740734375 0.16796875 0.3125 0.1627604171875 0.303240740625 0.1197916671875 0.2523148140625 0.0052083328125 0.1990740734375 0 0.1990740734375 0 0.4768518515625
0 0.5768229171875 0.266203703125 0.6145833328125 0.3101851859375 0.6236979171875 0.3425925921875 0.62890625 0.3958333328125 0.6354166671875 0.3865740734375 0.640625 0.3333333328125 0.6419270828125 0.2870370375 0.6341145828125 0.2476851859375 0.6015625 0.20138888906250002 0.5716145828125 0.1851851859375 0.5208333328125 0.18055555625 0.4856770828125 0.1921296296875 0.41015625 0.25 0.38671875 0.2824074078125 0.3841145828125 0.29398148125 0.4674479171875 0.2384259265625 0.5182291671875 0.23611111093749998 0.5768229171875 0.266203703125
0 0.40234375 0.25694444375000003 0.4466145828125 0.2175925921875 0.4869791671875 0.1898148140625 0.5416666671875 0.18055555625 0.54296875 0.17361111093749998 0.4947916671875 0.13888888906250002 0.4401041671875 0.13888888906250002 0.39453125 0.1643518515625 0.3541666671875 0.21296296250000002 0.3619791671875 0.3009259265625 0.3684895828125 0.3101851859375 0.390625 0.28472222187499996 0.40234375 0.25694444375000003
0 0.6796875 0.3773148140625 0.74609375 0.35648148125 0.7604166671875 0.3425925921875 0.75220688125 0.313021115625 0.7891324703125 0.25069505312499996 0.7877604171875 0.21296296250000002 0.770196240625 0.2254277078125 0.754100475 0.21026727812499998 0.734375 0.1828703703125 0.69140625 0.1481481484375 0.6575520828125 0.141203703125 0.6380208328125 0.1550925921875 0.6145833328125 0.1990740734375 0.61328125 0.21064814843750002 0.6276041671875 0.23148148124999998 0.6549479171875 0.3958333328125 0.6796875 0.3773148140625
0 0.9817708328125001 0.4166666671875 0.9921875 0.3634259265625 0.9986979171874999 0.358796296875 0.9986979171874999 0.1481481484375 0.9075520828125001 0.21064814843750002 0.8763020828125001 0.27777777812500004 0.875 0.33101851875 0.9049479171874999 0.3356481484375 0.9583333328125001 0.3634259265625 0.9817708328125001 0.4166666671875
0 0.8606770828125001 0.2708333328125 0.8216145828125001 0.23148148124999998 0.7981770828125 0.23379629687499998 0.7708333328125 0.259259259375 0.76171875 0.2824074078125 0.7643229171875 0.3425925921875 0.8723958328125001 0.33101851875 0.8697916671874999 0.29398148125 0.8606770828125001 0.2708333328125
0 0.7994791671875 0.1828703703125 0.7981770828125 0.1643518515625 0.7890625 0.1481481484375 0.7747395828125 0.1365740734375 0.7552083328125 0.1365740734375 0.7434895828125 0.1458333328125 0.7369791671875 0.16898148125 0.7356770828125 0.1828703703125 0.7825520828125 0.2453703703125 0.7877604171875 0.240740740625 0.7994791671875 0.1828703703125