5 0.07897604687500001 0.19147186875 0.0843651296875 0.20252648125 0.1796993875 0.2104401390625 0.3686523390625 0.1771400984375 0.36311620625 0.16187456875 0.29335491406249997 0.16993208906249999 0.290072178125 0.1475611171875 0.311970278125 0.1299322140625 0.3309287546875 0.0997578078125 0.397701409375 0.0777511484375 0.406224834375 0.0352929890625 0.395189709375 0.003355284375 0.25319005625 0.0083140203125 0.23549511875 0.01736404375 0.205094025 0.0473357421875 0.13800684375 0.091035934375 0.094847853125 0.14454104843749999 0.09852271875 0.1781411296875 0.07897604687500001 0.19147186875
5 0.491272465625 0 0.41734 0.0025817781250000002 0.411515884375 0.043540325000000005 0.414456853125 0.127758653125 0.45330646249999995 0.1657518078125 0.4962217171875 0.1769013296875 0.5161605171875 0.1747997015625 0.5231657875 0.1605015671875 0.50758673125 0.14418139375 0.5162081875 0.10453051093750002 0.5503535921875 0.07944716874999999 0.5693610859375 0.050676403125000005 0.5754840640625 0.0111127703125 0.5690416421875 0 0.491272465625 0
5 0.3581219453125 0.30539472343749996 0.33093414062500004 0.38644911875 0.34244755 0.4296129265625 0.4239673328125 0.4717374078125 0.44444396406250003 0.41340297968749995 0.43116732031250005 0.3913810015625 0.46658579843750003 0.331119440625 0.523609625 0.31647997031249997 0.49989792812499995 0.2821742390625 0.5360026328124999 0.241563621875 0.535610503125 0.23033451249999998 0.5254205296875 0.2250689515625 0.4955368375 0.2289232140625 0.4451751671875 0.21943907812500002 0.4192100734375 0.192238790625 0.4065216234375 0.18706047812499998 0.399124225 0.1901295015625 0.4128910296875 0.2261878671875 0.3886415015625 0.24811493593749998 0.3581219453125 0.30539472343749996
5 0.44929387031249995 0.40901756406249995 0.4473345703125 0.42454484062500003 0.41755025625000003 0.5028792078125 0.41642423125 0.54226834375 0.4298479234375 0.5685012375 0.47065683125 0.5909671171875 0.5434557796874999 0.598262375 0.56520683125 0.5764225546875 0.58627165625 0.534931790625 0.5951858624999999 0.4320299140625 0.6254603375000001 0.36773193437499996 0.6240878859375 0.3284300484375 0.5983678734375 0.30824795312500003 0.52783716875 0.31278643281249996 0.4450941515625 0.2891064390625 0.469280340625 0.33664674843750003 0.436164275 0.3912065046875 0.44929387031249995 0.40901756406249995
5 0.3526932703125 0.7946462640624999 0.35857251562500003 0.8197372656249999 0.3792465578125 0.8386902171875 0.3899397484375 0.846947325 0.412006940625 0.8533300078125 0.4228801125 0.8519283421875 0.4554640609375 0.8467029390624999 0.4665155125 0.850404559375 0.47707929375 0.846516628125 0.46512473906249996 0.7907200703124999 0.5126924890625 0.7201967953125 0.52988773125 0.7111642203125 0.5374308328125 0.6406332859375 0.5273879078125 0.639578640625 0.43842305625 0.6707923734375 0.398496440625 0.6735919906250001 0.385807990625 0.6684136796875 0.40682514531249997 0.6971921046875 0.3922264125 0.7089447078125 0.3526932703125 0.7946462640624999
5 0.41929874062500005 1 0.41628526250000003 0.9680943937500001 0.43352952031249997 0.9604654578125 0.45630856406250003 0.896429225 0.3794426234375 0.8443047734375 0.326533459375 0.833504246875 0.3324127046875 0.8585952499999999 0.3131601296875 0.8803478218749999 0.313601275 0.89298056875 0.337214940625 0.9244790249999999 0.378268928125 0.953963096875 0.396987290625 1 0.41929874062500005 1
5 0.2196381234375 0.8526959703125 0.248150709375 0.8812126484375 0.3065469890625 0.905875065625 0.32741575 0.858769746875 0.320507165625 0.80420233125 0.3041928671875 0.766827575 0.3227102 0.7240204218749999 0.23237289687499998 0.7159322640625 0.2075365203125 0.792688496875 0.2086638921875 0.824972190625 0.2196381234375 0.8526959703125
5 0.47247312187499996 0.7862474078125 0.47364950937500006 0.8199347390625 0.494764696875 0.8515204421875 0.527882109375 0.8686335125 0.58583724375 0.880663178125 0.6082745203125001 0.8784743015625001 0.63722690625 0.847950903125 0.64952188125 0.770227275 0.6867526093749999 0.6902275234374999 0.6764646046875 0.682154684375 0.6340885265625 0.686445190625 0.5521779609374999 0.7047644265625 0.5202369359375 0.7213386875000001 0.47247312187499996 0.7862474078125
5 0.5087275265625 1 0.706982190625 0.9930767953125 0.6502538046875 0.9512880156250001 0.5768250046875 0.980757778125 0.49163170312500004 0.976706040625 0.412041790625 0.9585847546874999 0.42047400156250003 1 0.5087275265625 1
5 0.7828194171875 0.5758501078125 0.7791949140625001 0.6153264921875 0.7620486875 0.6257627046875001 0.707180225 0.6304894546875001 0.6669104953125 0.6234636015625 0.7062012484375 0.67408950625 0.6680392125 0.727420121875 0.6457503296875 0.8054927421875 0.6455569578125 0.94322384375 0.6643207171875 0.9791077109374999 0.68547233125 0.9938279359375001 0.8151766859375 0.989298559375 0.814505753125 0.9101539125 0.8269641156249999 0.83710908125 0.8240218 0.681217925 0.810792825 0.5889267593749999 0.7978592953125 0.5767302546875 0.7828194171875 0.5758501078125
