0 0.6518518518518519 0.5509259259259259 0.4648148148148148 0.49722222222222223
0 0.30462962962962964 0.7902777777777777 0.512962962962963 0.41944444444444445
0 0.5726851851851852 0.6319444444444444 0.3101851851851852 0.3333333333333333
0 0.4532407407407407 0.8092592592592592 0.49166666666666664 0.3814814814814815
0 0.8111111111111111 0.7064814814814815 0.3287037037037037 0.33796296296296297
0 0.5819444444444445 0.888425925925926 0.35833333333333334 0.22314814814814815
0 0.9050925925925926 0.586574074074074 0.18981481481481483 0.30277777777777776
0 0.48009259259259257 0.6805555555555556 0.39166666666666666 0.42592592592592593
0 0.09768518518518518 0.6717592592592593 0.19537037037037036 0.2935185185185185
0 0.7981481481481482 0.3037037037037037 0.39537037037037037 0.41574074074074074
0 0.6393518518518518 0.11574074074074074 0.2861111111111111 0.23148148148148148
0 0.8430555555555556 0.21712962962962962 0.2611111111111111 0.2814814814814815
0 0.725 0.40879629629629627 0.30833333333333335 0.337037037037037
0 0.4625 0.41435185185185186 0.21203703703703702 0.21851851851851853
0 0.37407407407407406 0.35833333333333334 0.20833333333333334 0.22592592592592592
0 0.3990740740740741 0.4925925925925926 0.21944444444444444 0.2351851851851852
0 0.3263888888888889 0.5611111111111111 0.20277777777777778 0.2175925925925926
0 0.2833333333333333 0.6157407407407407 0.19166666666666668 0.20555555555555555
0 0.16157407407407406 0.6722222222222223 0.2574074074074074 0.275