2 0.02294921875 0.22396694214876034 0.0458984375 0.2115702479338843
2 0.05908203125 0.22148760330578512 0.02734375 0.11900826446280992
2 0.18798828125 0.5611570247933885 0.26171875 0.5454545454545454
2 0.09130859375 0.19421487603305784 0.03515625 0.11735537190082644
2 0.53271484375 0.2140495867768595 0.83203125 0.18181818181818182
2 0.4462890625 0.3867768595041322 0.0595703125 0.2958677685950413
2 0.60205078125 0.5909090909090909 0.3203125 0.7371900826446282
2 0.505859375 0.2950413223140496 0.05078125 0.19834710743801653
2 0.87548828125 0.7834710743801653 0.2470703125 0.43140495867768597
2 0.78515625 0.29173553719008266 0.0458984375 0.20826446280991737
2 0.9755859375 0.22231404958677686 0.0478515625 0.11570247933884298
2 0.98486328125 0.35454545454545455 0.0283203125 0.13553719008264462
